805
1287
2180
3084
4009
4175
4692
5664
6135
6388
6889
7132
7307
8243
9068
9982
10130
10963
11489
11708
11759
11922
12006
12672
13645
14614
15364
16113
16226
16295
16656
16717
16804
17659
18123
18493
18540
19128
19759
20512
21035
21493
21982
22779
23183
23850
24615
24767
25257
25428
25743
26059
26449
26552
27125
27216
27601
28461
29053
29284
29588
30213
31047
31494
32165
33096
33285
33947
34580
34871
35120
35321
36027
36856
37408
38213
38409
38529
39196
39623
40012
40065
41044
41438
41992
42054
42847
42886
43731
43783
44301
44783
45312
45373
45875
45931
46593
47345
47472
48313
49305
50023
50568
50902
51616
52295
52364
53253
53365
53915
54202
55178
55868
56534
56766
56861
57433
58179
59167
59536
59562
60367
60994
61837
62590
63289
64244
65225
65450
66293
66943
67517
68483
69004
69629
69999
70525
70928
71844
72327
72428
72717
73162
73428
73431
73775
74400
74784
75040
75913
76348
77073
78047
78889
79325
80097
81053
81253
82201
82674
83157
84124
84245
85197
85605
85766
86268
87112
88018
88624
88744
88784
89278
89476
90374
91203
91618
92194
92354
92731
93268
93794
94706
94890
95302
95734
95866
96444
97185
97650
97678
97695
98527
98728
99577
99789
100047
100999
101939
102360
103355
103943
104700
105096
105649
106017
106129
106335
107022
107871
108664
109470
110218
110559
110591
110940
111604
112110
112734
113679
114361
114890
115531
116011
116623
117260
118025
118952
119896
120084
120252
120567
120987
121547
121579
122190
122790
123504
124124
124652
124972
125929
126034
126564
127217
127483
127698
128531
128705
129070
129473
129782
130075
130502
131500
131614
132154
132329
132579
133214
133307
133955
134135
134136
135113
136048
136245
136646
136702
137168
137682
138306
138361
138562
139182
139385
139809
140251
141013
141676
141719
141788
142118
142263
142954
143896
144142
145130
145869
146095
146610
147503
148197
148732
149345
149461
149587
150520
151415
151680
152093
152872
153207
153320
153783
154367
154836
155056
155185
156080
156483
157374
158312
159078
159126
159769
160648
160659
160954
161627
161680
162314
163207
163840
164631
164791
164815
165350
165590
166019
166533
166870
167272
167634
168623
169590
169635
170074
170778
171546
172301
173068
173652
173726
174326
175273
175835
176177
176600
177447
177971
178337
178536
179157
180024
180387
180663
181107
182026
182377
182619
183575
184370
184758
185219
185628
186101
186812
187392
187898
188572
188793
189540
190185
190532
191020
191331
192252
192807
193316
194009
194152
194177
194679
194763
195000
195234
195785
195834
195850
196162
196713
196953
197895
198101
198714
199154
199872
200792
201580
201932
202552
202991
203908
204745
204934
205184
205623
206420
207351
208167
208301
209099
209592
210154
210959
211151
211646
212188
212221
212958
213143
213700
214351
214436
214471
215403
215478
215730
215786
216126
216809
217662
217694
218124
218637
219306
220009
220436
220953
221881
222325
223000
223651
224313
224824
224883
225827
226738
227504
228458
228806
229591
230305
231133
231941
232039
232288
232296
233221
234085
234123
234629
234964
235915
236531
237019
237204
238050
238653
238653
239419
239743
240645
241474
241707
242155
242603
243227
243789
244531
244866
245668
246346
246799
246894
247765
247870
248515
248998
249637
250576
251374
252065
252344
252708
253487
253889
254813
255234
255280
256018
256561
256854
257155
257393
257701
258329
258635
258959
259244
260164
260964
261058
261325
262014
262735
263579
264575
264730
264990
265189
265853
266629
266977
266989
267490
268249
268317
269272
270155
270432
271247
272185
272227
273001
273477
274224
275111
275855
276717
277117
278083
278584
279265
279543
279824
280715
281283
281984
282974
283959
284811
285773
286051
286243
286666
286912
287482
287925
288628
289539
290323
291264
291758
292591
293035
293609
293678
293743
293785
294274
294499
294649
295528
295813
295955
296303
296918
297812
297916
298362
299090
299625
300169
300832
301718
302573
303080
303422
303574
304107
304978
305310
305342
305831
306685
306887
307367
308087
308188
308623
308919
309386
310232
310692
311496
312301
312735
313699
314356
314803
314870
315618
315986
316724
317704
318428
319415
319543
319619
319825
320006
320718
321221
321273
322056
322444
323329
323554
323918
324807
325798
326492
326905
327611
328038
328482
328563
329203
329252
329301
329449
330155
330744
331705
332058
333023
333756
333990
334344
334833
335094
335770
336478
336718
337036
337071
338062
338698
339511
339938
340909
341560
341903
342069
342340
342453
342951
343795
344045
344744
344919
345871
345939
346454
347378
348173
349108
349353
349455
350359
350654
351547
352542
352913
353289
353427
354384
354711
354830
355289
355340
356310
356647
357292
357990
358373
358380
358938
359282
360145
360788
360949
361510
361907
362095
362557
363223
363444
363785
363854
363945
364537
364926
365829
366399
366790
367437
367847
368417
369346
369347
369538
370509
371457
371930
372819
373581
373609
374540
375511
376000
376706
377626
378312
379106
379693
380358
380613
380785
381148
381661
381999
381999
382518
383406
383459
384321
384462
384562
384892
385196
385260
385565
385623
385815
386426
386443
387006
387899
388756
389035
389929
390562
390937
391014
391357
391531
392466
392760
393506
394160
394626
395224
395750
396480
396913
397038
397775
398153
399016
399562
400338
400758
401460
402336
402481
403296
403653
403681
404136
404447
404954
405864
405921
406428
406952
407183
407575
408448
409149
409181
409215
410035
410447
411183
412007
412059
412084
412204
412660
413392
413587
413994
414426
415210
415210
415336
415664
416421
416778
417400
417562
417756
418330
418951
419400
419820
420511
421087
421338
422210
422226
423068
423657
423851
424010
424837
425622
425624
426523
426943
427477
427891
427967
428861
429618
429844
430574
430592
431563
431590
432013
432696
432896
433764
434738
435722
435972
436044
436566
436747
437425
437959
438612
438645
439018
439053
439363
439654
439837
439910
439995
440432
440671
441131
441273
442196
443015
443340
443467
443864
444166
444342
445030
445693
446320
446496
446918
447664
448448
449267
449823
450018
450511
450935
451222
451439
452375
453259
453440
454380
454770
455518
455967
456168
456903
457267
458224
458706
459425
459839
460579
461021
461274
462241
463051
463201
464083
464830
465657
466048
466615
467415
468356
469296
469555
469739
470191
470596
470932
471581
472069
472079
472960
473927
473939
474652
475566
476142
476331
477186
477302
477558
478195
478888
479403
479622
480273
480925
481747
482619
482716
483584
484547
485360
485954
486439
487027
487615
488597
489270
490232
490717
491592
492137
492597
492699
493508
494239
494579
494785
495707
496640
497622
498613
498874
499670
499900
500789
501259
502168
502749
502912
503307
504007
504887
504987
505800
506139
506888
507071
508040
508058
508484
508594
509420
509769
509837
510235
510240
510795
511644
512004
512565
513431
513553
513720
514369
515361
515786
516743
517334
518051
518382
518782
519172
520088
520161
521051
521639
521903
522264
523262
523544
523787
524615
525109
525767
526353
526549
527527
528435
529095
529819
530557
531186
531275
531359
531580
531984
532552
533399
534009
534955
535235
536141
536536
537150
537158
537762
537964
538486
538824
539813
540289
541286
541696
542372
542534
543484
544376
544856
545526
545943
546458
546933
546935
547577
548495
549389
549841
550820
551394
552239
553124
553503
553633
554282
554627
555369
556020
556455
557449
558196
558263
558971
559808
560486
560670
561436
562250
562899
563498
564031
564373
565030
565674
566506
567412
568160
568405
568836
569044
569886
570684
571212
572055
572294
573054
573335
573532
574223
574737
575037
575369
575772
576469
576503
577284
577516
577975
577988
578721
579098
579810
580129
580296
581112
581577
581633
582144
582767
583434
584338
584383
585020
585153
586051
586417
587329
588077
588365
589225
589225
589457
589698
590495
590597
590932
591872
592305
592921
593272
594223
594323
595021
595310
595838
596714
596884
597805
598621
599074
599617
600331
600722
601578
602289
602823
603223
603609
603781
604048
604266
604746
605412
605717
606604
606629
607349
608261
608858
609206
609599
609638
610108
610379
610617
611312
611871
612632
612762
613448
613762
614754
614819
615706
616297
616677
616906
617120
617798
618475
618585
619298
619908
620771
621216
622139
623133
623904
624614
625120
625553
626131
627107
627875
628755
629069
629904
630102
630883
631254
631914
632086
632433
632796
632915
633857
634502
634723
635189
635374
636158
637095
637345
637948
638784
639629
640586
640993
641359
642071
642570
643282
644143
644406
645311
645700
646075
646292
646703
647082
647850
648279
648461
649229
649892
649967
650094
651033
651437
651445
651672
652114
652731
652958
653306
654085
654130
654750
654771
655310
655469
656402
657165
657730
658343
658639
659430
660017
660969
661912
662852
663260
663607
664226
664308
664466
664603
664999
665171
666125
666350
666998
667962
668407
669166
669677
670470
670988
671356
671742
672720
673163
673316
673887
674561
675432
675884
676676
676756
677529
677969
678891
679844
680350
681185
681667
682327
683152
683223
683953
684203
684867
685394
685827
685971
686802
687727
688159
689146
689867
690860
691326
691973
692840
693487
694224
694652
694725
694923
695798
696563
696987
697068
697392
697950
698444
699431
700067
700972
701129
701557
702206
702619
703450
703548
703843
704576
705052
705122
705142
705350
705756
706145
706250
706875
707328
707767
708289
709038
709925
710644
711154
711719
712398
713173
714006
714773
715051
715419
715426
715607
715878
716001
716461
717319
717395
717674
717825
718501
719348
719635
720088
720955
721550
722293
722854
723074
723706
724533
724590
724616
725149
725681
726549
727199
728046
728438
728829
728918
728966
729219
729242
729582
729665
730347
730667
730815
730899
731748
732496
732836
733192
733301
733821
734589
735431
735691
735691
736359
737093
737982
737993
738711
739269
740158
740919
741384
741443
741546
742138
742752
743190
743732
744658
745035
745487
745834
746827
747801
747946
748431
748441
749200
749737
750115
750660
751023
751648
752023
752168
752212
752423
753258
753510
753554
753690
754643
754940
755585
756121
756193
756314
756446
756796
757060
757070
757951
758342
759129
759876
760746
761707
762569
763343
763424
763807
763914
763989
764637
765087
765507
765588
765988
766168
766750
766997
767647
768485
769005
769326
769641
769643
770345
770495
770933
771391
772365
773323
773515
773578
773736
774041
774384
775286
775686
776465
777297
778062
778090
778413
778825
779460
780316
781023
781733
782402
783272
783778
784325
784801
785683
785871
786174
786826
787713
788228
789084
789204
789713
790416
790713
791082
791827
792116
792137
792727
793367
793716
793890
794294
794887
795548
796373
796939
797650
797749
797965
798918
799453
800388
800776
801070
801250
801928
802844
803286
803915
804198
804268
805255
805999
806854
807591
808023
808628
809113
809630
810321
810763
811739
811811
812630
813596
814241
814630
814743
814978
815095
815450
815974
816195
816734
816989
817693
818535
819075
819474
819884
820329
821189
821354
822128
822795
823743
824155
825140
825773
826014
826367
826586
826754
827403
828076
828312
828719
829038
829089
829368
829971
830353
830787
831486
831546
832339
832941
833371
834050
834923
835111
835476
835784
836616
836887
837094
837241
838083
838552
838839
839679
840258
840817
841385
841729
842700
843530
843701
843812
844450
845057
845764
846508
846837
847255
847449
847889
848600
848840
848852
849107
849492
849506
849835
850495
850682
851164
851405
851768
852763
853732
854267
854393
854998
855968
856096
856742
856936
857075
857304
858284
858812
859330
859653
860477
860871
861214
861850
862127
862302
862427
862458
862721
863673
863907
864245
864815
865666
865923
866146
866394
867359
868226
868327
868477
869057
869663
870276
871049
871628
871911
872172
872364
872418
873196
874126
875108
875737
876405
877227
878065
879031
879100
879829
880111
881050
881278
882265
883035
883101
883661
883700
884625
885276
885460
886424
887406
887466
888225
888270
888407
888776
889451
889555
890380
891211
891812
892704
892935
893678
894588
894831
894960
895664
895684
896227
896607
896892
897859
898396
899059
899625
899652
899840
900183
901009
901093
902069
902157
903014
903055
903266
903513
903609
904119
904849
905658
906600
907173
907298
907680
908547
908980
909412
909660
910013
910043
910312
911226
911708
912140
912171
913154
913626
913656
914338
914651
915063
915498
916056
916682
917649
917906
918437
918751
919195
920021
920475
921168
921614
921834
922243
922499
923008
923304
924288
924824
925188
925628
926283
926634
926824
927114
927924
928745
928792
929398
930203
930594
931289
932089
932427
933217
934178
934764
934948
935930
936892
937157
937533
938166
938874
939491
940078
940702
940880
941792
941896
942829
942971
943128
943538
944058
944392
944483
945056
945788
946010
946343
947216
947917
948603
948643
949218
950203
950367
951086
952006
952750
953211
954002
954287
955232
956180
956420
957229
957423
958260
958945
959068
959247
959858
960194
960402
961354
962135
962852
963321
963467
963571
964116
964862
964927
964941
965043
965164
966035
966511
967453
968355
968942
969263
970081
971002
971243
971917
972491
973257
974236
974326
975152
975398
975924
976211
977130
977136
977956
978868
979096
980013
980390
981296
981501
982177
982709
982919
983638
984452
984936
985676
986318
987260
987368
988258
988645
988756
988825
989346
989351
989789
990379
990465
990493
991002
991828
992281
993255
994144
994407
994472
995029
995671
996325
997293
997338
997909
998505
998951
999006
999757
1000329
1001035
1001451
1002039
1002765
1003738
1004347
1004727
1004863
1005469
1006136
1007045
1007133
1007504
1008055
1008537
1008652
1009255
1009982
1010777
1011734
1011964
1012440
1012864
1013205
1014058
1014727
1015082
1015350
1015444
1015645
1016119
1017066
1017890
1018604
1018680
1018878
1019515
1019713
1020380
1020716
1020721
1020748
1021659
1022599
1023142
1023548
1023872
1024165
1025088
1025607
1025929
1026060
1026670
1026795
1026925
1027559
1027622
1028312
1028576
1029225
1029720
1030234
1031037
1031625
1032380
1033114
1034012
1034059
1034298
1034569
1034682
1035497
1035947
1036132
1036813
1037107
1037417
1038359
1038980
1039687
1039737
1039828
1039876
1040824
1040906
1041181
1041705
1042402
1042994
1043400
1043710
1043796
1044104
1044718
1045163
1045392
1045751
1046077
1046367
1047196
1048017
1048025
1048442
1048885
1048910
1049847
1050036
1050343
1051097
1051283
1051980
1052223
1053146
1053288
1054227
1054311
1054488
1054883
1055110
1055380
1056305
1057176
1057617
1057665
1058106
1058627
1059080
1059360
1059639
1060423
1061239
1061908
1062049
1062149
1062765
1063675
1064120
1064647
1064687
1065173
1065966
1066317
1066571
1067066
1067862
1068626
1069007
1069583
1070298
1071042
1071101
1071170
1071396
1071668
1072001
1072882
1073189
1073347
1074146
1074445
1075222
1076053
1076093
1076591
1076601
1077025
1077586
1078223
1078490
1078490
1078640
1078788
1079194
1079755
1079976
1080653
1080756
1080773
1081017
1081397
1081601
1082281
1083152
1083866
1084660
1085177
1085535
1086007
1086027
1086556
1086873
1087257
1088056
1088727
1089021
1089605
1090166
1091069
1091462
1091891
1092754
1093696
1094675
1095339
1096289
1096565
1096761
1097144
1097873
1098490
1099188
1099502
1100391
1100915
1101271
1101311
1101498
1101636
1102173
1102828
1103166
1103838
1104332
1104560
1105214
1105795
1106217
1106797
1106978
1107168
1107419
1107715
1107744
1108631
1109234
1109336
1109523
1110462
1110605
1111159
1111165
1111470
1111571
1112364
1112633
1113508
1113737
1114678
1115333
1116024
1116856
1117218
1118163
1118552
1118628
1119615
1120536
1120755
1120783
1121753
1122531
1123180
1124160
1124531
1125243
1125881
1126868
1127063
1127578
1127661
1127686
1128224
1129105
1130004
1130772
1131574
1131898
1131905
1132056
1132347
1132725
1133258
1133874
1134511
1135466
1135710
1136057
1136914
1137768
1138535
1139531
1140344
1140708
1141640
1142472
1142585
1142607
1143382
1143771
1144117
1144614
1145213
1145220
1146031
1146854
1147779
1148121
1148444
1149190
1149443
1149760
1150464
1151058
1151389
1151923
1152656
1153414
1153457
1154353
1154827
1155658
1155862
1156784
1157193
1157696
1157834
1158476
1159380
1159733
1160539
1161385
1162353
1162651
1163008
1163940
1163981
1164801
1165611
1166600
1167136
1168068
1168772
1169616
1170094
1170792
1171152
1171220
1171722
1172103
1172539
1172858
1172876
1173181
1173763
1173878
1174080
1174568
1175263
1175493
1176000
1176797
1177333
1177784
1178344
1178769
1179679
1179700
1180452
1181232
1181350
1182062
1182689
1183078
1183907
1184674
1185180
1185369
1185907
1185994
1186252
1187025
1187412
1188127
1188860
1189196
1189933
1190326
1190467
1191365
1191894
1192055
1192748
1193420
1193867
1194145
1194264
1194930
1195619
1196112
1196315
1197270
1198035
1198238
1198465
1198962
1198970
1199509
1199701
1199813
1200290
1200566
1201525
1201726
1202604
1203204
1203818
1203841
1204426
1205051
1205201
1205459
1205869
1206188
1206928
1207900
1208261
1209082
1210073
1210762
1210978
1211499
1212147
1213095
1213139
1213196
1214093
1214370
1214703
1214730
1215054
1215629
1216016
1216149
1216462
1216971
1217306
1217550
1218009
1218893
1219864
1219872
1220519
1221002
1221433
1222148
1222398
1222813
1223734
1224464
1225415
1225602
1225690
1225982
1226192
1226941
1227386
1227962
1228221
1228897
1229632
1230164
1230478
1230835
1231196
1231932
1232431
1232740
1233358
1233790
1234460
1235229
1235566
1235590
1235717
1236070
1236785
1237323
1238064
1238595
1239430
1239945
1240713
1241100
1241216
1241379
1241927
1242791
1243493
1243592
1244301
1244759
1245321
1245866
1246383
1246390
1247074
1247673
1248498
1249304
1249612
1249798
1250339
1251070
1251727
1252581
1252708
1252740
1253047
1253294
1254141
1254193
1254548
1255166
1255823
1256116
1256933
1257503
1257946
1258796
1258846
1259788
1260717
1260920
1261628
1262395
1262894
1262976
1263959
1264855
1265663
1265737
1266578
1267536
1268122
1268903
1269789
1270308
1271281
1271525
1271768
1272087
1272140
1273012
1273281
1274030
1274057
1274519
1275458
1276430
1277185
1277703
1278580
1279321
1279807
1280179
1280490
1281228
1281251
1281714
1281720
1282661
1282864
1283192
1284029
1284636
1284638
1285475
1286447
1287212
1287825
1288323
1288417
1288526
1288865
1289042
1289656
1290414
1290658
1290754
1291623
1291644
1292005
1292782
1293137
1293237
1293314
1294034
1294458
1294663
1294779
1295552
1296549
1297233
1297920
1298681
1298772
1299694
1300463
1300836
1301819
1302049
1302155
1302432
1302945
1303239
1303532
1304176
1304888
1305491
1306186
1306516
1307009
1307251
1308066
1308514
1309042
1309169
1309933
1310712
1311666
1312534
1312918
1313589
1314525
1315469
1316068
1316623
1316975
1317297
1318044
1318550
1319506
1320070
1320638
1321128
1321208
1322173
1322372
1322513
1322746
1322825
1323610
1324135
1325003
1325514
1325859
1326032
1326936
1327730
1328177
1328275
1329141
1329945
1330686
1331470
1331849
1332077
1332780
1332941
1333405
1333809
1334413
1335197
1335594
1336263
1336842
1337334
1337836
1338435
1339135
1339399
1339859
1340568
1340829
1341596
1341605
1342428
1342889
1343733
1343885
1343902
1344087
1344631
1344939
1344964
1345844
1346433
1346708
1347490
1348262
1348837
1349315
1349519
1349903
1350009
1350873
1351228
1351757
1352532
1352820
1353019
1353885
1354325
1355186
1356061
1356341
1356359
1357245
1358108
1359106
1359581
1359824
1359904
1360806
1361359
1362002
1362664
1363341
1363959
1364169
1364490
1364900
1365853
1366564
1366792
1367107
1367409
1367657
1367661
1367840
1368479
1369433
1369875
1370815
1371033
1371218
1371718
1372227
1372344
1372823
1373313
1374097
1374381
1374434
1374749
1375736
1375937
1376517
1377397
1377669
1377879
1377981
1378277
1378752
1378780
1379378
1380013
1380565
1381155
1381884
1382535
1383358
1384182
1384829
1384881
1385486
1385552
1385626
1386381
1386997
1387782
1388544
1389532
1389810
1390398
1390512
1390638
1390785
1390822
1391448
1391970
1392951
1393546
1394212
1394709
1395402
1396157
1396709
1397344
1398157
1399100
1399595
1399774
1399782
1400317
1400793
1401432
1401906
1402726
1403644
1403954
1404288
1404532
1405197
1405952
1406950
1407149
1407971
1408649
1409419
1409579
1410038
1410527
1410631
1411550
1411712
1412591
1413027
1413270
1414183
1414231
1414283
1414616
1415446
1416280
1417075
1417570
1418063
1418321
1419057
1419180
1420171
1420779
1421445
1421470
1421862
1422662
1423520
1424144
1424534
1425051
1425928
1426102
1427015
1427807
1428556
1428815
1429554
1429584
1430403
1431002
1431959
1432174
1433096
1433787
1434590
1434833
1435180
1435969
1436350
1437117
1437550
1438531
1438590
1439099
1439939
1439967
1440276
1440398
1440885
1441018
1441270
1442190
1442357
1442448
1443392
1444324
1444763
1445229
1445628
1445902
1445932
1446174
1446469
1446617
1447133
1447667
1447859
1448269
1448561
1448660
1449517
1450008
1450266
1451214
1451723
1452148
1452921
1452931
1453157
1453727
1454169
1455081
1455767
1455882
1455967
1456907
1456953
1457425
1458093
1458607
1459363
1459954
1460387
1460710
1461338
1461636
1462152
1462914
1463117
1463223
1463994
1464137
1464742
1464799
1465718
1465803
1466692
1467524
1467913
1467999
1468970
1469577
1470278
1471076
1471899
1472238
1472312
1472620
1473121
1473650
1474472
1475277
1476146
1477139
1478117
1478880
1478935
1479613
1479620
1480447
1480974
1481023
1481739
1482295
1482795
1483080
1483692
1484591
1485387
1485889
1486452
1487232
1487718
1487737
1488734
1489185
1489596
1489846
1490361
1491321
1492010
1492060
1492246
1493102
1493620
1493632
1494586
1494650
1495111
1495522
1496379
1496992
1497072
1497954
1498491
1498762
1499725
1499801
1500094
1500738
1501082
1501601
1502116
1502500
1502625
1502851
1502864
1502906
1503400
1503749
1504303
1504689
1504808
1505520
1506413
1506596
1506751
1507339
1507586
1507671
1508057
1508526
1508932
1509783
1510281
1511242
1511274
1511621
1511698
1512116
1512297
1512363
1512766
1513501
1514214
1515021
1515753
1515898
1516149
1516597
1517265
1517314
1518160
1518224
1518955
1519266
1520099
1520193
1520537
1521310
1522002
1522825
1523330
1523932
1524549
1525279
1525289
1526163
1526336
1527276
1527636
1527902
1527968
1528722
1528778
1529364
1529758
1530306
1530762
1530805
1531607
1532153
1532931
1533915
1534164
1534825
1535474
1536244
1536823
1537735
1538728
1538915
1539489
1540009
1540312
1540643
1540643
1541441
1542339
1542396
1543103
1543237
1543530
1544019
1544433
1544961
1545844
1546432
1547322
1548077
1548634
1548775
1548821
1548830
1548848
1549000
1549495
1549613
1550449
1551390
1552245
1552943
1553034
1553324
1553388
1554274
1555218
1555537
1556175
1556642
1556914
1557356
1558338
1558728
1559539
1560165
1560820
1561523
1562179
1562668
1562776
1563721
1564456
1564883
1565069
1565865
1566755
1566814
1567802
1568424
1569401
1569478
1570255
1571191
1572112
1573110
1573245
1574073
1574577
1575552
1575838
1576187
1576274
1577123
1577606
1578445
1578633
1579107
1579778
1579903
1580626
1581543
1581883
1581908
1581933
1582333
1582633
1583366
1583627
1583850
1584599
1585352
1586019
1586297
1586478
1587420
1588034
1588261
1589098
1589561
1590443
1590997
1591818
1592121
1592636
1592750
1592971
1593536
1594365
1594793
1595132
1595256
1595545
1596357
1596819
1597338
1597682
1598363
1598585
1598955
1599418
1599448
1599589
1599928
1600815
1601650
1602128
1602495
1602623
1602644
1602997
1603767
1603953
1603979
1604011
1604809
1605097
1605650
1606435
1607279
1608208
1609157
1609565
1610222
1610362
1610533
1610588
1610979
1611930
1612883
1613832
1614117
1614841
1615623
1616424
1617385
1618002
1618738
1619452
1620341
1620360
1620673
1620894
1621231
1621677
1621928
1622057
1622319
1622410
1622740
1623166
1623887
1624861
1625054
1625766
1626133
1626815
1627331
1627414
1627652
1628328
1628748
1629569
1630411
1631172
1631678
1632082
1632712
1633429
1633496
1633715
1634001
1634530
1635147
1635488
1635888
1636328
1636858
1636871
1637394
1637544
1637889
1638269
1638812
1638921
1639332
1639532
1639656
1640198
1640530
1641263
1641878
1641935
1642535
1642921
1643440
1644256
1645205
1646024
1646734
1646940
1647913
1648848
1649795
1650738
1650804
1651145
1651765
1652273
1652603
1653083
1654027
1654922
1655244
1655952
1656786
1657439
1657902
1658545
1658971
1659271
1659606
1660423
1661397
1661831
1662805
1663277
1663595
1663810
1663975
1664888
1664957
1665046
1665875
1666611
1666654
1667088
1667593
1668419
1669218
1669754
1670434
1671280
1672098
1672779
1673421
1673434
1674097
1674569
1674779
1674882
1675280
1676072
1676314
1677238
1677550
1677618
1678143
1678306
1679126
1680023
1680716
1681054
1681118
1682047
1683003
1683670
1684410
1684695
1684895
1685591
1685879
1686437
1686597
1686984
1687453
1687981
1688776
1689684
1690309
1690920
1691528
1692143
1693091
1693922
1694593
1694890
1695554
1696109
1696803
1697378
1698119
1698697
1698793
1699060
1699926
1700673
1701114
1701294
1701294
1702146
1702950
1703831
1704671
1704809
1705070
1705912
1706509
1707437
1708431
1708915
1708959
1709640
1710564
1711066
1711466
1711613
1712385
1712797
1713239
1713753
1714409
1715129
1715238
1715836
1715992
1716207
1716422
1717313
1717446
1717485
1717913
1717924
1718446
1719009
1719062
1719248
1719707
1720036
1720610
1721271
1721434
1721907
1722159
1723006
1723184
1723394
1723911
1724721
1724828
1725646
1726600
1726639
1727468
1727861
1728700
1729278
1729282
1729341
1729801
1729861
1730324
1730388
1730984
1731918
1732018
1732876
1733670
1734094
1734286
1734361
1735172
1735503
1735530
1735930
1736368
1736593
1736888
1737885
1738365
1738468
1739437
1740275
1740520
1740707
1741052
1741852
1742261
1743133
1743809
1744355
1744839
1745315
1746108
1746111
1746570
1746572
1746676
1747253
1747976
1748928
1749581
1749736
1750633
1751248
1751772
1752152
1752613
1752895
1753022
1753587
1753840
1754182
1754897
1755326
1756036
1756969
1757626
1758601
1759454
1759644
1760140
1760972
1761839
1762571
1763322
1763566
1764125
1764278
1764398
1764802
1765671
1766543
1767287
1767693
1767905
1768837
1769809
1770651
1771056
1771711
1772196
1772624
1773400
1774147
1774559
1774569
1774826
1774993
1775953
1776716
1777227
1777770
1778406
1778848
1779077
1779176
1779878
1780477
1780543
1780696
1780706
1781018
1781029
1781318
1781859
1782548
1782692
1783354
1783719
1783852
1784191
1784339
1784737
1785480
1786396
1786590
1786805
1787439
1787457
1787615
1788154
1788563
1789384
1790207
1790899
1791630
1792085
1792160
1792234
1792865
1793074
1793647
1794567
1795143
1795488
1796234
1796553
1796583
1797479
1798432
1798452
1799093
1799143
1800108
1800297
1800475
1801298
1801786
1802548
1802787
1803561
1803614
1804004
1804127
1804960
1805026
1805038
1805462
1805730
1806490
1807432
1807434
1808273
1808498
1808546
1809283
1810238
1810667
1811198
1811504
1811993
1812066
1813016
1813987
1814089
1814918
1815181
1815838
1816465
1816512
1817503
1818103
1818975
1819528
1820348
1820378
1821050
1821518
1822390
1823266
1824082
1824738
1824912
1825026
1825812
1826013
1826345
1826911
1826957
1827132
1827208
1827529
1827936
1828122
1828455
1829269
1829600
1830416
1831127
1831559
1831996
1832225
1832989
1833579
1834328
1834606
1835415
1835445
1835755
1836069
1836417
1836493
1836509
1836778
1837497
1837517
1838217
1838747
1839069
1839289
1839846
1840498
1840929
1840944
1841678
1842223
1842894
1843181
1843859
1844343
1844433
1845403
1846251
1846256
1846388
1847188
1847299
1848122
1848580
1848786
1848825
1849127
1850035
1850037
1850996
1851039
1851252
1851640
1852570
1853304
1853389
1853490
1853918
1854021
1854669
1854924
1855214
1855855
1856590
1856903
1857881
1858108
1858720
1859077
1859767
1860338
1860500
1861483
1861799
1862552
1863507
1863551
1864462
1865028
1865208
1865765
1865790
1866406
1867081
1868048
1868344
1869299
1869644
1869852
1870636
1871265
1871474
1871921
1871935
1872412
1873260
1873620
1873823
1874480
1875335
1876067
1876648
1877076
1877104
1877441
1877904
1878128
1878239
1878906
1879779
1880496
1881344
1882246
1882656
1883174
1883348
1884107
1884292
1884672
1884985
1885279
1885971
1886756
1887349
1887383
1887806
1888609
1889281
1889322
1889704
1890380
1890926
1891000
1891726
1891944
1892869
1893838
1894059
1894714
1895541
1895819
1895989
1896052
1896480
1896563
1896866
1897595
1898228
1898796
1899703
1899828
1900759
1900820
1901496
1902344
1902954
1903885
1904126
1904293
1904846
1905797
1906339
1906657
1907096
1907772
1907997
1908912
1909633
1909637
1910062
1910985
1911515
1911918
1912356
1912508
1912920
1913160
1913747
1914554
1914866
1915250
1915258
1915444
1915710
1916575
1917323
1917353
1917529
1918201
1918249
1918420
1918565
1919292
1920163
1920590
1920736
1921511
1921776
1922721
1923469
1923482
1924057
1924713
1925146
1925358
1925830
1926243
1926296
1926968
1927698
1928076
1929045
1929471
1930028
1930275
1930357
1930858
1931627
1931762
1931850
1932101
1932444
1933056
1933347
1934151
1934756
1935620
1935876
1936689
1937580
1938246
1939087
1939336
1939811
1940620
1941087
1941318
1941660
1942148
1942605
1942828
1942844
1943058
1943152
1943762
1943799
1944136
1945127
1945292
1945690
1946152
1946262
1946767
1947395
1948322
1948925
1949392
1949933
1950230
1951211
1952022
1952857
1953394
1954328
1955067
1955413
1956240
1957093
1957347
1958109
1958892
1959865
1959955
1960101
1960493
1961032
1961483
1961633
1962435
1962728
1963454
1963941
1964077
1964738
1965224
1965641
1966584
1967581
1968404
1969102
1969576
1970252
1970561
1971302
1971536
1971966
1972613
1972635
1972773
1973431
1974301
1975118
1975579
1976576
1977060
1977647
1978067
1978584
1979379
1980365
1980613
1981013
1981592
1981713
1982001
1982043
1982353
1982756
1983164
1983448
1983812
1984460
1985370
1986036
1986675
1987480
1987706
1987895
1988281
1989039
1989384
1990063
1990386
1990441
1990575
1990773
1990846
1991494
1992132
1992411
1993095
1993149
1994067
1994847
1995423
1995757
1996592
1997088
1997149
1997402
1998336
1999230
1999925
2000584
2000866
2001860
2002816
2003398
2004161
2004752
2004799
2005298
2005703
2006551
2007176
2008047
2008925
2009367
2009997
2010240
2010601
2010775
2011130
2011512
2011960
2012261
2012631
2012819
2013800
2014387
2015258
2015575
2015772
2016010
2016965
2017285
2017871
2018111
2018601
2018743
2019250
2020218
2020453
2021240
2021514
2022066
2022357
2022571
2023044
2023907
2024010
2024804
2025030
2025579
2025599
2026013
2026487
2027286
2027818
2028281
2028499
2028900
2029196
2029753
2030067
2030979
2031575
2032257
2032978
2033484
2034256
2034823
2035388
2035688
2035905
2036442
2037261
2037504
2038495
2039479
2040043
2040186
2040488
2040545
2041526
2041983
2042810
2043147
2043644
2044522
2045077
2045950
2046635
2046926
2047202
2047356
2048123
2048371
2049098
2049520
2049940
2050749
2050778
2051695
2052100
2052195
2052728
2052873
2053670
2054276
2055020
2055365
2056335
2057222
2057423
2057913
2058870
2059836
2060688
2060948
2061307
2061353
2061811
2061851
2062581
2062877
2063563
2063971
2064837
2065663
2066303
2066989
2067643
2067655
2068402
2068424
2069311
2069437
2070249
2071081
2071596
2071665
2071826
2072023
2072717
2072873
2073477
2074280
2075271
2075654
2076385
2076796
2077726
2078217
2078903
2078991
2079302
2079319
2080091
2080381
2081187
2082157
2083118
2083854
2084314
2085110
2085662
2086554
2086665
2087308
2088109
2088414
2089129
2089132
2089132
2089875
2090313
2090858
2090988
2091891
2092137
2092410
2092678
2092920
2093317
2094286
2095248
2095891
2096537
2096894
2097526
2098419
2099218
2099606
2100302
2101205
2101911
2102087
2102304
2102629
2103239
2103802
2104707
2105203
2106186
2107030
2107837
2108466
2109031
2109648
2109871
2110673
2111232
2111263
2111426
2111630
2112098
2112598
2112680
2112799
2113218
2113528
2114007
2114660
2115581
2116321
2116450
2116514
2116606
2117016
2117594
2118196
2118270
2118936
2119871
2120120
2121083
2121576
2121755
2122220
2123092
2124030
2124390
2124671
2125525
2126354
2126813
2127188
2127671
2127848
2128515
2128610
2129254
2129382
2129924
2130322
2130346
2130400
2130479
2131317
2132186
2132576
2133015
2133569
2134406
2135338
2135705
2136154
2136958
2137480
2138184
2138223
2139032
2139950
2140694
2141069
2141148
2141988
2142766
2143571
2144353
2145075
2145571
2145906
2146805
2147597
2148260
2148912
2149817
2150647
2150853
2151322
2151820
2152429
2152545
2152849
2153255
2153573
2154147
2154822
2155404
2155826
2156044
2156441
2156543
2156938
2157790
2157838
2158827
2159711
2160625
2160756
2161390
2161610
2162119
2162563
2162856
2162993
2163672
2164194
2164248
2165185
2166020
2166933
2167475
2167489
2167678
2168517
2169046
2169936
2170919
2171458
2171535
2172309
2172762
2173231
2173864
2174588
2175587
2175739
2175880
2176404
2176908
2177000
2177474
2177957
2178588
2179149
2179410
2179762
2180196
2180450
2180655
2181088
2182041
2182351
2182925
2183839
2183973
2184969
2185283
2185984
2186775
2187101
2187161
2187686
2187739
2188447
2189359
2189779
2189816
2190444
2190542
2191315
2191852
2192570
2193515
2193863
2194289
2195155
2195371
2195500
2196295
2196729
2197538
2197837
2198090
2198755
2199241
2199362
2199821
2200360
2200462
2200610
2200859
2201321
2201833
2202545
2202711
2203445
2204011
2204572
2204663
2205430
2206151
2206745
2207264
2207387
2207400
2207713
2207825
2208020
2208221
2208700
2209196
2209990
2210356
2210447
2211441
2211758
2212568
2213358
2214245
2214436
2215307
2216060
2217046
2217303
2217723
2218717
2219473
2219864
2220280
2221246
2221482
2221719
2221925
2222589
2223252
2224060
2224878
2224878
2224998
2225871
2226861
2227420
2228336
2228948
2229581
2230027
2230063
2230630
2231259
2231761
2232289
2232407
2232754
2232859
2232928
2233043
2233368
2233776
2234490
2235028
2235844
2236803
2237784
2238011
2238455
2238498
2238815
2239016
2239618
2240325
2240968
2241735
2242160
2242372
2243230
2243464
2243492
2244354
2244978
2245012
2245735
2246307
2246395
2246453
2247370
2248107
2248449
2249095
2249542
2250052
2250410
2251294
2251690
2252250
2253067
2253543
2254071
2254413
2254530
2254651
2255093
2255477
2255516
2255613
2256099
2256805
2257725
2258454
2259379
2260011
2260940
2261574
2261712
2261948
2262840
2262936
2263145
2263948
2264621
2265605
2265642
2266616
2266914
2267651
2268545
2268926
2268962
2269798
2270276
2271025
2271595
2271737
2272672
2273073
2273816
2274692
2275663
2275669
2276293
2277082
2277568
2277785
2278261
2278440
2278716
2278856
2279097
2279460
2279927
2280524
2280776
2281173
2282122
2282657
2282949
2283098
2283958
2284599
2285218
2285401
2286034
2286399
2287337
2288075
2288575
2289075
2289579
2290382
2290384
2290916
2290939
2291861
2291898
2292733
2292745
2293634
2294336
2295325
2295430
2295879
2296646
2296672
2296816
2297383
2298343
2299066
2299528
2300508
2300605
2301567
2301952
2302346
2302969
2303954
2304682
2304852
2305032
2305995
2306432
2307058
2307625
2308080
2308497
2309100
2310025
2310405
2310738
2311195
2311974
2312476
2313109
2313961
2314643
2314808
2315347
2316303
2316460
2317170
2317671
2318376
2318585
2319564
2319671
2320343
2320632
2321070
2321797
2322358
2323180
2324072
2324987
2325056
2325479
2325851
2326630
2326772
2326799
2326933
2327545
2328231
2329119
2330055
2330340
2330429
2330675
2331103
2331663
2332358
2333292
2334249
2334790
2335639
2335647
2336439
2337139
2337432
2338278
2338870
2339802
2340751
2341378
2342267
2342432
2343121
2343255
2343637
2343931
2343952
2344049
2344160
2344892
2345393
2345522
2345684
2346053
2347009
2347810
2348259
2348431
2348883
2348994
2349726
2350136
2351128
2351739
2351920
2352184
2352590
2353278
2353616
2354404
2355100
2356012
2356212
2356268
2356637
2356709
2357087
2357760
2358717
2358850
2359155
2359877
2360870
2361767
2362356
2362732
2363469
2363939
2364053
2364287
2364767
2365165
2365531
2366035
2366661
2367114
2367880
2368548
2369090
2369173
2369942
2370559
2370974
2371456
2372124
2372362
2373275
2373883
2374623
2375134
2375863
2376536
2376994
2377947
2378505
2379454
2379574
2379830
2380177
2380762
2381132
2381443
2381833
2382718
2382990
2383088
2383562
2383851
2384323
2385134
2385727
2385900
2386060
2387004
2387202
2387341
2387670
2387796
2388018
2388877
2389044
2389168
2389486
2389729
2390165
2390843
2390843
2391828
2392489
2393324
2393843
2394298
2394943
2395093
2395799
2396584
2396925
2397795
2398753
2399222
2399507
2399757
2400736
2401336
2402003
2402136
2402360
2403353
2403403
2404092
2405007
2405683
2405858
2406301
2406990
2407556
2408329
2408716
2409567
2410103
2410111
2410294
2410823
2410953
2411063
2411738
2412291
2412840
2413410
2414265
2414793
2415629
2416063
2416803
2416956
2417244
2417612
2417880
2418747
2418826
2419055
2419628
2419928
2420473
2420778
2421156
2422104
2422358
2422646
2423101
2423281
2424080
2424326
2424796
2424929
2425856
2426291
2426958
2427611
2427841
2427979
2428059
2428152
2428707
2429102
2429540
2429778
2430148
2430156
2430325
2430790
2430919
2431916
2432706
2432863
2432882
2433282
2434165
2434840
2435184
2435824
2436235
2437033
2437323
2438294
2439124
2439579
2440358
2440797
2441734
2442666
2443482
2444123
2444945
2445369
2446341
2446713
2447308
2447498
2448236
2448806
2448877
2448996
2449120
2449662
2449853
2450760
2451481
2452210
2453006
2453930
2454696
2454779
2455008
2455670
2456002
2456924
2457469
2458327
2459072
2459958
2460039
2460409
2460791
2461516
2461754
2462185
2462534
2463144
2463719
2464389
2465305
2465560
2466228
2466861
2467679
2468451
2469287
2470008
2470581
2470869
2471708
2472685
2473355
2473959
2474184
2474318
2474448
2474831
2474939
2474990
2475107
2475287
2476199
2476656
2476893
2477589
2478263
2479251
2480171
2480346
2481233
2481849
2482348
2482738
2482789
2483263
2483728
2484283
2485165
2485480
2485780
2486076
2486653
2487196
2487407
2487806
2488248
2488468
2488787
2489242
2489685
2490227
2490982
2491939
2492741
2493004
2493700
2494114
2494769
2495293
2495936
2496160
2496398
2496640
2496796
2497445
2498404
2499163
2499671
2499974
2500058
2500912
2501265
2501383
2502037
2502039
2502399
2502839
2503795
2504566
2504911
2505061
2505519
2506126
2506478
2506539
2507261
2507652
2507913
2508669
2508862
2509320
2509777
2509866
2510418
2511034
2511341
2511409
2511862
2512242
2513064
2513436
2514018
2514679
2514944
2515429
2515943
2516381
2517105
2517531
2517711
2518135
2518560
2519287
2519291
2519436
2519546
2519722
2520622
2521524
2521890
2522183
2522603
2523407
2523877
2524428
2524974
2525562
2525629
2526481
2526739
2527304
2528182
2528396
2529105
2529725
2529805
2530542
2531471
2531733
2532269
2533216
2534133
2534827
2535769
2536608
2537423
2538304
2538843
2539501
2539953
2540136
2540503
2540813
2540825
2541445
2541500
2542320
2542455
2543195
2543548
2543816
2544624
2545206
2545699
2546044
2546896
2547703
2547745
2547817
2548712
2548911
2549008
2549750
2550226
2550731
2550901
2551406
2552068
2552263
2552441
2552536
2552831
2552909
2552939
2553214
2553330
2553849
2553967
2554141
2554897
2555621
2556037
2556662
2556874
2557396
2558268
2558925
2559197
2560120
2560354
2561101
2561972
2562369
2563277
2563620
2563855
2564788
2565110
2565488
2566164
2566423
2566510
2566985
2567538
2567689
2568229
2568636
2569062
2569551
2570008
2570191
2570723
2571161
2571999
2572982
2573840
2574422
2574490
2574852
2575064
2575779
2576143
2576152
2576879
2577667
2578199
2578481
2578994
2579969
2580555
2580560
2580807
2581372
2581994
2582596
2582785
2583271
2583671
2584021
2584885
2585355
2585694
2586051
2586447
2586775
2587668
2588205
2588491
2589265
2589556
2589668
2589873
2589908
2590114
2590542
2591231
2591270
2592026
2592069
2592709
2593351
2594044
2594187
2594372
2594648
2595099
2596051
2596130
2596234
2596814
2596995
2597951
2598624
2599328
2600298
2601185
2601622
2602463
2603442
2603557
2603931
2604478
2604989
2605011
2605250
2606076
2606700
2607223
2608091
2608741
2609195
2609535
2610505
2610769
2610908
2611267
2611312
2612043
2612764
2612887
2613151
2614132
2614708
2615276
2615507
2615863
2616227
2616724
2616901
2617268
2617374
2617557
2618527
2618878
2619033
2619076
2619760
2620237
2620983
2621694
2622059
2622749
2623164
2623373
2623672
2624350
2624884
2625425
2625893
2626413
2627191
2627229
2628024
2628183
2628257
2628538
2629366
2629433
2630214
2631077
2631822
2632281
2632515
2633192
2633621
2634505
2634754
2635395
2636256
2637234
2638151
2638849
2638944
2639190
2640016
2640324
2641070
2641962
2642101
2642692
2643641
2644481
2644582
2645418
2646262
2646779
2647523
2648303
2648667
2648748
2648903
2649291
2649651
2650443
2650897
2651193
2651309
2651649
2652324
2652415
2652581
2653579
2654153
2654865
2654886
2655386
2656126
2656519
2657481
2657743
2658446
2658839
2659450
2659936
2660711
2661343
2662165
2662361
2662542
2662873
2663716
2664079
2664144
2664565
2665071
2665163
2665198
2666092
2666991
2667371
2667793
2668110
2668178
2668471
2669463
2669940
2670625
2670631
2670694
2671360
2672207
2672687
2673077
2673852
2674711
2674733
2675553
2676455
2677119
2678118
2678604
2679079
2679483
2679895
2680017
2680878
2681409
2681753
2681965
2682326
2682860
2682917
2683083
2683967
2684929
2685363
2685715
2686224
2686841
2687179
2687723
2687897
2688023
2688780
2688863
2689692
2689734
2690082
2690307
2691022
2691233
2691732
2692434
2692881
2693405
2693469
2693593
2694505
2694625
2695380
2695490
2695560
2696104
2696998
2697022
2697418
2698382
2698528
2699410
2700174
2700884
2700967
2701866
2701928
2702058
2702771
2703701
2704084
2704141
2704474
2705290
2705292
2705441
2705677
2706263
2706948
2707603
2708166
2708720
2708803
2709703
2709902
2710898
2711331
2712217
2712976
2713510
2714485
2714692
2715173
2715414
2715820
2716588
2717449
2717782
2718454
2718829
2719511
2719559
2720263
2720742
2721705
2722447
2722958
2723095
2723301
2723658
2723906
2724107
2725076
2726060
2726333
2726720
2727673
2728524
2729130
2729182
2730054
2730444
2730712
2731373
2732327
2732721
2733703
2733713
2734469
2734557
2734573
2734918
2735576
2736281
2736583
2736733
2736817
2737089
2737240
2738188
2738464
2739316
2740176
2740181
2740315
2741084
2741731
2741797
2742537
2743031
2743344
2743654
2744555
2745245
2745761
2746413
2747287
2747895
2747913
2748675
2749144
2749889
2749969
2750278
2750836
2751572
2751807
2751922
2752405
2752477
2752842
2753762
2754413
2755183
2756035
2756731
2757394
2758261
2758669
2759065
2759766
2760272
2761086
2761469
2761496
2762272
2762973
2763501
2764073
2764536
2764604
2764806
2765224
2765533
2766188
2766234
2766523
2767061
2768009
2768979
2769247
2769651
2770441
2771228
2771786
2772278
2773187
2774025
2774463
2775000
2775008
2775781
2776701
2777168
2777513
2778078
2778690
2778740
2779015
2779866
2780048
2780405
2781247
2782030
2782359
2782581
2783371
2784331
2784643
2784653
2785323
2785346
2786053
2786787
2786896
2787640
2788330
2788687
2789179
2789822
2790071
2790718
2791570
2792059
2792339
2792975
2793324
2793998
2794788
2795170
2795250
2795949
2796319
2796554
2796984
2797100
2797513
2798450
2798997
2799045
2799468
2799489
2800468
2801442
2801982
2802658
2803089
2803573
2804088
2805066
2805165
2805192
2805411
2806148
2806691
2807616
2807850
2808507
2809283
2809326
2809458
2810008
2810403
2811342
2812146
2812681
2813582
2813925
2814015
2814834
2815340
2815997
2816134
2816588
2817292
2817950
2818114
2819107
2819210
2819980
2820968
2821799
2822494
2823479
2824111
2824498
2825368
2826348
2826838
2827725
2827817
2828220
2829142
2829894
2830339
2830843
2830940
2831473
2831588
2831982
2832178
2832256
2832277
2833028
2833695
2834545
2834826
2835250
2835831
2836055
2836328
2836654
2837144
2837391
2838363
2838733
2839002
2839419
2839751
2840321
2840636
2840902
2841877
2841973
2842913
2843175
2844059
2844167
2844236
2844781
2844977
2845771
2846555
2847067
2847262
2847820
2848301
2848633
2849258
2849646
2850283
2850370
2850444
2850712
2851577
2851840
2851966
2852488
2853324
2853643
2854104
2854396
2854862
2855675
2856078
2856906
2857697
2858319
2858931
2859080
2859164
2859873
2860581
2861512
2861568
2862131
2862360
2863195
2863425
2863666
2864360
2864569
2864824
2864961
2865102
2866007
2866579
2867445
2867510
2867923
2868542
2868655
2868989
2869322
2869997
2870737
2870998
2871514
2872183
2872234
2872433
2872888
2873057
2873625
2874096
2874625
2874635
2874824
2875497
2875898
2876273
2877269
2877416
2877757
2878420
2878685
2878963
2879931
2880691
2880863
2881512
2882046
2882747
2883718
2883888
2884793
2885610
2885783
2886072
2886988
2887736
2888584
2889028
2889944
2889985
2890389
2890950
2891709
2891750
2891855
2892682
2893086
2893374
2893928
2894219
2894421
2894806
2894859
2894965
2895938
2896923
2897205
2897454
2897513
2898086
2898575
2899461
2900385
2900914
2900931
2901286
2901622
2901789
2902280
2903132
2903406
2903838
2904739
2905632
2906538
2907499
2907517
2907955
2908404
2908712
2909678
2910162
2910455
2911097
2911697
2912326
2912338
2913245
2913901
2914484
2914578
2914604
2915164
2915785
2916348
2916667
2916705
2916728
2917331
2917917
2918052
2918089
2918517
2918782
2919590
2920103
2921069
2921219
2921985
2922607
2923058
2923138
2923855
2924423
2924729
2925525
2926499
2927156
2927366
2927407
2927520
2927845
2928000
2928893
2929783
2930354
2930459
2930825
2931369
2932106
2932996
2933933
2934509
2935496
2935991
2936016
2936984
2937575
2938374
2939266
2939586
2940010
2940776
2941448
2942315
2943031
2943723
2944120
2944554
2945414
2945896
2946215
2946921
2947274
2948250
2948453
2949041
2949246
2950048
2950515
2951325
2952218
2952883
2953379
2953405
2953926
2954891
2955622
2956577
2956933
2957685
2958589
2959288
2959719
2960301
2960404
2960783
2961684
2962565
2963181
2964159
2965009
2965153
2965619
2966129
2966430
2966829
2967718
2968704
2969135
2969450
2969932
2970573
2970731
2971119
2971683
2972324
2972671
2973411
2973871
2974289
2974798
2975324
2975832
2976293
2976844
2976892
2976942
2977328
2977909
2978040
2978265
2979050
2979648
2979825
2980063
2980521
2980679
2981477
2981958
2982430
2982817
2983095
2983149
2983646
2984288
2984678
2985621
2986430
2986548
2986811
2987283
2988086
2988114
2988288
2988886
2989623
2989764
2990723
2990992
2991259
2991820
2992139
2992927
2993194
2993790
2993886
2994013
2994934
2995870
2996501
2997230
2997849
2998800
2999313
3000205
3000257
3001140
3001936
3002023
3002916
3002945
3003532
3004302
3004968
3005790
3006127
3006848
3007403
3007583
3007654
3008369
3008403
3008520
3008952
3009230
3010138
3010835
3011148
3011852
3012540
3013099
3013681
3013989
3014658
3015577
3016345
3016537
3017442
3018081
3018708
3018859
3019302
3019722
3020669
3021405
3022111
3022710
3023620
3023909
3024860
3025717
3026209
3026538
3026942
3027234
3027286
3027487
3027487
3028479
3029456
3029926
3029969
3030392
3030713
3030888
3031508
3032130
3032767
3033756
3034238
3034318
3034610
3035213
3035603
3035931
3036438
3037273
3037737
3038596
3038707
3039454
3039927
3040238
3041177
3041747
3041920
3042092
3042097
3042772
3042943
3043317
3043447
3044212
3044505
3045365
3046015
3046955
3047317
3048285
3048363
3049131
3049286
3049889
3050519
3050966
3051201
3051773
3051980
3052630
3052653
3053538
3053652
3054397
3054817
3055196
3055507
3055719
3056071
3056631
3057527
3058254
3059119
3059253
3059959
3060143
3060193
3060482
3061472
3062064
3062780
3063062
3063269
3063433
3063698
3064230
3064849
3065553
3066013
3066978
3067574
3067661
3068337
3068844
3068861
3069662
3070436
3070764
3071473
3071649
3072003
3072990
3073447
3074272
3074830
3075370
3076079
3076955
3077802
3078078
3078271
3078527
3078702
3079269
3080087
3080382
3081022
3081269
3081558
3081894
3082772
3083250
3083663
3083814
3083816
3084488
3084616
3085461
3086079
3086249
3086736
3087301
3088251
3088846
3089025
3089494
3089532
3090449
3090990
3091459
3092131
3092979
3093498
3094073
3095014
3095810
3095823
3096225
3096660
3096812
3097525
3097890
3098855
3099667
3100065
3101022
3101932
3102427
3102928
3102947
3103143
3104109
3105032
3105661
3105942
3106464
3106532
3106891
3107145
3108085
3108893
3109291
3109315
3110163
3110798
3110879
3111859
3112310
3113145
3113925
3114283
3114702
3114848
3115458
3116175
3116929
3117133
3117547
3118526
3118723
3118885
3119835
3119891
3120666
3120934
3121907
3122825
3122998
3123020
3123352
3123984
3124662
3124919
3125675
